1.645979471889999837e-02 4.571954215139999861e-02 5.117930828250000230e-02 4.891945989799999922e-02 4.412939558109999633e-02 3.815943436819999729e-02 3.230950361490000228e-02 2.833955549409999941e-02 2.297983162099999713e-02 2.052974868729999861e-02 1.752978686260000044e-02 1.551982219589999844e-02 1.256984771870000087e-02 1.167986044709999963e-02 1.021987142089999905e-02
1.590981363499999884e-02 4.722952101669999903e-02 5.403930022890000850e-02 4.979939383839999956e-02 4.595945409640000284e-02 3.986956378690000025e-02 3.393951521699999779e-02 2.996960137550000111e-02 2.451971106219999821e-02 2.166973263600000324e-02 1.914976333819999946e-02 1.529982300279999867e-02 1.399983796649999918e-02 1.189986283689999959e-02 9.919880308259999835e-03
1.524982327850000000e-02 4.711940339120000015e-02 5.275936526980000429e-02 5.212946310730000310e-02 4.734927215899999847e-02 4.220953350800000364e-02 3.456969680769999415e-02 2.982965064939999827e-02 2.528968630540000262e-02 2.276973177070000173e-02 1.941976239379999969e-02 1.652980016180000122e-02 1.386982742659999962e-02 1.242985154289999970e-02 1.093986549449999998e-02
1.566979292799999812e-02 4.949925606319999227e-02 5.489928846699999865e-02 5.413924134990000248e-02 4.905927804659999947e-02 4.313934883270000020e-02 3.632954298019999695e-02 3.183963038540000429e-02 2.696967604389999967e-02 2.342971042440000068e-02 2.097972893649999865e-02 1.694979450410000199e-02 1.550982350679999851e-02 1.271985883870000063e-02 1.184986860110000088e-02
1.569982295120000287e-02 4.841936261959999682e-02 5.841915826449999710e-02 5.637936179359999411e-02 5.040936951069999172e-02 4.257928689700000296e-02 3.723954573530000034e-02 3.264960943979999808e-02 2.781966610679999924e-02 2.463968991120000021e-02 2.101973641700000117e-02 1.750979276569999965e-02 1.546982869750000017e-02 1.400981100610000120e-02 1.123986544329999906e-02
1.503980485399999956e-02 4.938932463819999119e-02 5.852921670570000040e-02 5.659914652940000596e-02 5.144944897400000050e-02 4.436947241110000134e-02 3.873953750969999499e-02 3.390960203509999632e-02 2.795966899990000309e-02 2.475971728170000066e-02 2.115976328690000186e-02 1.748978781800000076e-02 1.570980452459999968e-02 1.373981026290000025e-02 1.273985114520000128e-02
1.477980537560000078e-02 5.065939586169999898e-02 6.058921387050000135e-02 5.850924788569999979e-02 5.219925161200000135e-02 4.636942848090000457e-02 4.035951750430000207e-02 3.503959575069999499e-02 2.922963409429999923e-02 2.622967039240000145e-02 2.171975699590000461e-02 1.855978850979999803e-02 1.647981187660000138e-02 1.504983665170000172e-02 1.243983736989999825e-02
1.433982191460000076e-02 4.885940055669999588e-02 6.007924792699999988e-02 5.975902179359999372e-02 5.333932819469999753e-02 4.585945109590000568e-02 4.002952383409999482e-02 3.522954571450000183e-02 3.035963838789999814e-02 2.624966250909999826e-02 2.210971381780000092e-02 1.916976210570000075e-02 1.639980457930000080e-02 1.423981040800000042e-02 1.301982884290000045e-02
1.416984789729999923e-02 5.177939858969999448e-02 6.289926619449999479e-02 6.066924517659999516e-02 5.457933153210000471e-02 4.775941110050000576e-02 4.139952087309999723e-02 3.626958044040000384e-02 3.022962249029999965e-02 2.662969611020000321e-02 2.284974334819999883e-02 1.925978278530000171e-02 1.780976881840000067e-02 1.509982087209999976e-02 1.298986250650000125e-02
1.369986122560000116e-02 5.151937903130000135e-02 6.166922396990000277e-02 6.151924671080000878e-02 5.644932049040000260e-02 4.955941344269999133e-02 4.269948424959999628e-02 3.714952193689999987e-02 3.082964174500000057e-02 2.711965107760000090e-02 2.315974690740000078e-02 2.006975206129999953e-02 1.768976052909999874e-02 1.494979602249999970e-02 1.341981937629999760e-02
1.348982506679999825e-02 5.059940958409999551e-02 6.413925834399999970e-02 6.104928309050000612e-02 5.632929701309999371e-02 4.984936471130000518e-02 4.288948100139999831e-02 3.706951774779999875e-02 3.263962264439999872e-02 2.710969223769999978e-02 2.408973138250000007e-02 2.044972816029999932e-02 1.818981409100000127e-02 1.565977489300000164e-02 1.388984018229999853e-02
1.359985647429999903e-02 5.210932617809999751e-02 6.464925097609999782e-02 6.282923101039999958e-02 5.718932726739999611e-02 4.976940464150000215e-02 4.446946093859999172e-02 3.848951883759999665e-02 3.401956251240000062e-02 2.865961129080000017e-02 2.366970353950000050e-02 2.066978337819999970e-02 1.791975656900000186e-02 1.554979267909999997e-02 1.304980675589999944e-02
1.265979542839999923e-02 5.141938894649999980e-02 6.575915790059999599e-02 6.390924701160000110e-02 5.840926838119999548e-02 5.094940805530000227e-02 4.446944234889999709e-02 3.966950694790000176e-02 3.305958788709999902e-02 2.930967632480000265e-02 2.466966851859999851e-02 2.134976204779999789e-02 1.869976153020000073e-02 1.662983660539999950e-02 1.426982995350000068e-02
1.214989425340000026e-02 5.235933701650000160e-02 6.662920585969998866e-02 6.592924430980000305e-02 5.840933406039999776e-02 5.150942219259999760e-02 4.507941159239999690e-02 3.940948573950000394e-02 3.352958994420000144e-02 2.877966034920000082e-02 2.484965417090000128e-02 2.137968600429999977e-02 1.888972782929999872e-02 1.578977987579999881e-02 1.513982510629999917e-02
1.247983038570000050e-02 5.277931522330000375e-02 6.651914221940000149e-02 6.645915002159999418e-02 6.081930766819999834e-02 5.227941301830000415e-02 4.637947367940000593e-02 4.022955056690000197e-02 3.418964603300000266e-02 2.866968562100000173e-02 2.604966556129999916e-02 2.276973585880000261e-02 1.921971798629999728e-02 1.589984616479999877e-02 1.527984788399999912e-02
1.167986338110000091e-02 5.153939163560000009e-02 6.785914592799999201e-02 6.808921310620000278e-02 5.875928851569999639e-02 5.141944127390000313e-02 4.495946284699999657e-02 4.024945029859999801e-02 3.411953119780000016e-02 3.137967538300000248e-02 2.593965242500000101e-02 2.274967221810000190e-02 1.944974419809999966e-02 1.699984286899999808e-02 1.506978301560000025e-02
1.183985406929999838e-02 5.257937782599999416e-02 6.812913100569999159e-02 6.602920076519999681e-02 6.015934201780000906e-02 5.338942509709999895e-02 4.645950847969999853e-02 3.952956150680000252e-02 3.544957731769999426e-02 3.019959782699999790e-02 2.667974949550000127e-02 2.276978868000000336e-02 1.990971353090000007e-02 1.721971688159999736e-02 1.507988262049999965e-02
1.086986704620000049e-02 5.128943626749999513e-02 6.839918795259999906e-02 6.660920513109999663e-02 6.040919909379999925e-02 5.556937487440000156e-02 4.740936938669999823e-02 4.082957740659999557e-02 3.456951721640000308e-02 3.014965745660000071e-02 2.603975408479999865e-02 2.370976443070000120e-02 2.000976716749999773e-02 1.830983648959999890e-02 1.504981326450000045e-02
1.148986406500000085e-02 5.332928932019999346e-02 6.996906177059999954e-02 6.807923859259999710e-02 6.055923769140000162e-02 5.296936488190000236e-02 4.785933531840000366e-02 4.149943896069999832e-02 3.679958278999999333e-02 3.175953103470000038e-02 2.735970979619999771e-02 2.390968442089999937e-02 2.029969789460000021e-02 1.755979202150000085e-02 1.585980201370000217e-02
1.139985551960000058e-02 5.412928244100000119e-02 6.990918559030000201e-02 6.812915707420000300e-02 6.199920617880001067e-02 5.524933439910000021e-02 4.854945900029999928e-02 4.274940126150000158e-02 3.557964730700000078e-02 3.113971128349999826e-02 2.733967760230000127e-02 2.425973808329999828e-02 2.024972157679999843e-02 1.822977089390000194e-02 1.586979901649999969e-02
1.108986048479999875e-02 5.209927206000000005e-02 7.070908325600000488e-02 6.899923621339999757e-02 6.268913968750000620e-02 5.620930756099999648e-02 4.792931247119999738e-02 4.251956207759999967e-02 3.616961762090000615e-02 3.207966624989999627e-02 2.754966673340000088e-02 2.393965500169999844e-02 2.066973901780000053e-02 1.872977142740000003e-02 1.566980156679999986e-02
