3.315000000000000169e-01 2.847999999999999976e-01 2.464999999999999969e-01 2.142000000000000015e-01 1.872999999999999943e-01 1.645999999999999963e-01 1.453000000000000125e-01 1.288999999999999868e-01 1.145000000000000046e-01 1.021999999999999992e-01 9.149999999999999800e-02 8.229999999999999816e-02 7.420000000000000207e-02 6.700000000000000400e-02 6.069999999999999701e-02 5.510000000000000314e-02 5.009999999999999870e-02 4.580000000000000043e-02 4.179999999999999688e-02 3.830000000000000071e-02 3.509999999999999926e-02
3.315000000000000169e-01 2.847999999999999976e-01 2.464999999999999969e-01 2.142000000000000015e-01 1.872999999999999943e-01 1.645999999999999963e-01 1.453000000000000125e-01 1.288999999999999868e-01 1.145000000000000046e-01 1.021999999999999992e-01 9.149999999999999800e-02 8.229999999999999816e-02 7.420000000000000207e-02 6.700000000000000400e-02 6.069999999999999701e-02 5.510000000000000314e-02 5.009999999999999870e-02 4.580000000000000043e-02 4.179999999999999688e-02 3.830000000000000071e-02 3.509999999999999926e-02
3.315000000000000169e-01 2.847999999999999976e-01 2.464999999999999969e-01 2.142000000000000015e-01 1.872999999999999943e-01 1.645999999999999963e-01 1.453000000000000125e-01 1.288999999999999868e-01 1.145000000000000046e-01 1.021999999999999992e-01 9.149999999999999800e-02 8.229999999999999816e-02 7.420000000000000207e-02 6.700000000000000400e-02 6.069999999999999701e-02 5.510000000000000314e-02 5.009999999999999870e-02 4.580000000000000043e-02 4.179999999999999688e-02 3.830000000000000071e-02 3.509999999999999926e-02
3.315000000000000169e-01 2.847999999999999976e-01 2.464999999999999969e-01 2.142000000000000015e-01 1.872999999999999943e-01 1.645999999999999963e-01 1.453000000000000125e-01 1.288999999999999868e-01 1.145000000000000046e-01 1.021999999999999992e-01 9.149999999999999800e-02 8.229999999999999816e-02 7.420000000000000207e-02 6.700000000000000400e-02 6.069999999999999701e-02 5.510000000000000314e-02 5.009999999999999870e-02 4.580000000000000043e-02 4.179999999999999688e-02 3.830000000000000071e-02 3.509999999999999926e-02
3.315000000000000169e-01 2.847999999999999976e-01 2.464999999999999969e-01 2.142000000000000015e-01 1.872999999999999943e-01 1.645999999999999963e-01 1.453000000000000125e-01 1.288999999999999868e-01 1.145000000000000046e-01 1.021999999999999992e-01 9.149999999999999800e-02 8.229999999999999816e-02 7.420000000000000207e-02 6.700000000000000400e-02 6.069999999999999701e-02 5.510000000000000314e-02 5.009999999999999870e-02 4.580000000000000043e-02 4.179999999999999688e-02 3.830000000000000071e-02 3.509999999999999926e-02
3.315000000000000169e-01 2.847999999999999976e-01 2.464999999999999969e-01 2.142000000000000015e-01 1.872999999999999943e-01 1.645999999999999963e-01 1.453000000000000125e-01 1.288999999999999868e-01 1.145000000000000046e-01 1.021999999999999992e-01 9.149999999999999800e-02 8.229999999999999816e-02 7.420000000000000207e-02 6.700000000000000400e-02 6.069999999999999701e-02 5.510000000000000314e-02 5.009999999999999870e-02 4.580000000000000043e-02 4.179999999999999688e-02 3.830000000000000071e-02 3.509999999999999926e-02
3.315000000000000169e-01 2.847999999999999976e-01 2.464999999999999969e-01 2.142000000000000015e-01 1.872999999999999943e-01 1.645999999999999963e-01 1.453000000000000125e-01 1.288999999999999868e-01 1.145000000000000046e-01 1.021999999999999992e-01 9.149999999999999800e-02 8.229999999999999816e-02 7.420000000000000207e-02 6.700000000000000400e-02 6.069999999999999701e-02 5.510000000000000314e-02 5.009999999999999870e-02 4.580000000000000043e-02 4.179999999999999688e-02 3.830000000000000071e-02 3.509999999999999926e-02
3.315000000000000169e-01 2.847999999999999976e-01 2.464999999999999969e-01 2.142000000000000015e-01 1.872999999999999943e-01 1.645999999999999963e-01 1.453000000000000125e-01 1.288999999999999868e-01 1.145000000000000046e-01 1.021999999999999992e-01 9.149999999999999800e-02 8.229999999999999816e-02 7.420000000000000207e-02 6.700000000000000400e-02 6.069999999999999701e-02 5.510000000000000314e-02 5.009999999999999870e-02 4.580000000000000043e-02 4.179999999999999688e-02 3.830000000000000071e-02 3.509999999999999926e-02
3.315000000000000169e-01 2.847999999999999976e-01 2.464999999999999969e-01 2.142000000000000015e-01 1.872999999999999943e-01 1.645999999999999963e-01 1.453000000000000125e-01 1.288999999999999868e-01 1.145000000000000046e-01 1.021999999999999992e-01 9.149999999999999800e-02 8.229999999999999816e-02 7.420000000000000207e-02 6.700000000000000400e-02 6.069999999999999701e-02 5.510000000000000314e-02 5.009999999999999870e-02 4.580000000000000043e-02 4.179999999999999688e-02 3.830000000000000071e-02 3.509999999999999926e-02
3.315000000000000169e-01 2.847999999999999976e-01 2.464999999999999969e-01 2.142000000000000015e-01 1.872999999999999943e-01 1.645999999999999963e-01 1.453000000000000125e-01 1.288999999999999868e-01 1.145000000000000046e-01 1.021999999999999992e-01 9.149999999999999800e-02 8.229999999999999816e-02 7.420000000000000207e-02 6.700000000000000400e-02 6.069999999999999701e-02 5.510000000000000314e-02 5.009999999999999870e-02 4.580000000000000043e-02 4.179999999999999688e-02 3.830000000000000071e-02 3.509999999999999926e-02
3.315000000000000169e-01 2.847999999999999976e-01 2.464999999999999969e-01 2.142000000000000015e-01 1.872999999999999943e-01 1.645999999999999963e-01 1.453000000000000125e-01 1.288999999999999868e-01 1.145000000000000046e-01 1.021999999999999992e-01 9.149999999999999800e-02 8.229999999999999816e-02 7.420000000000000207e-02 6.700000000000000400e-02 6.069999999999999701e-02 5.510000000000000314e-02 5.009999999999999870e-02 4.580000000000000043e-02 4.179999999999999688e-02 3.830000000000000071e-02 3.509999999999999926e-02
3.315000000000000169e-01 2.847999999999999976e-01 2.464999999999999969e-01 2.142000000000000015e-01 1.872999999999999943e-01 1.645999999999999963e-01 1.453000000000000125e-01 1.288999999999999868e-01 1.145000000000000046e-01 1.021999999999999992e-01 9.149999999999999800e-02 8.229999999999999816e-02 7.420000000000000207e-02 6.700000000000000400e-02 6.069999999999999701e-02 5.510000000000000314e-02 5.009999999999999870e-02 4.580000000000000043e-02 4.179999999999999688e-02 3.830000000000000071e-02 3.509999999999999926e-02
3.315000000000000169e-01 2.847999999999999976e-01 2.464999999999999969e-01 2.142000000000000015e-01 1.872999999999999943e-01 1.645999999999999963e-01 1.453000000000000125e-01 1.288999999999999868e-01 1.145000000000000046e-01 1.021999999999999992e-01 9.149999999999999800e-02 8.229999999999999816e-02 7.420000000000000207e-02 6.700000000000000400e-02 6.069999999999999701e-02 5.510000000000000314e-02 5.009999999999999870e-02 4.580000000000000043e-02 4.179999999999999688e-02 3.830000000000000071e-02 3.509999999999999926e-02
3.315000000000000169e-01 2.847999999999999976e-01 2.464999999999999969e-01 2.142000000000000015e-01 1.872999999999999943e-01 1.645999999999999963e-01 1.453000000000000125e-01 1.288999999999999868e-01 1.145000000000000046e-01 1.021999999999999992e-01 9.149999999999999800e-02 8.229999999999999816e-02 7.420000000000000207e-02 6.700000000000000400e-02 6.069999999999999701e-02 5.510000000000000314e-02 5.009999999999999870e-02 4.580000000000000043e-02 4.179999999999999688e-02 3.830000000000000071e-02 3.509999999999999926e-02
3.315000000000000169e-01 2.847999999999999976e-01 2.464999999999999969e-01 2.142000000000000015e-01 1.872999999999999943e-01 1.645999999999999963e-01 1.453000000000000125e-01 1.288999999999999868e-01 1.145000000000000046e-01 1.021999999999999992e-01 9.149999999999999800e-02 8.229999999999999816e-02 7.420000000000000207e-02 6.700000000000000400e-02 6.069999999999999701e-02 5.510000000000000314e-02 5.009999999999999870e-02 4.580000000000000043e-02 4.179999999999999688e-02 3.830000000000000071e-02 3.509999999999999926e-02
